smp = [227, 36, 524;
31, 0, -39;
16, 37, 225;
224, 35, 526;
26, -10, -35;
16, 37, 221;
227, 35, 526;
-112, -23, -21;
19, 35, 226;
224, 32, 522;
-95, -18, -25;
25, 17, 229;
226, 38, 520;
-97, 2, -11;
18, 35, 224;
233, 27, 522;
-55, 18, -10;
22, 15, 228;
226, 34, 517;
-49, -10, -22;
22, 39, 225;
231, 32, 523;
-87, 17, -22;
20, 34, 228;
224, 32, 530;
-178, 12, -8;
17, 24, 223;
226, 36, 530;
-109, 7, -29;
22, 26, 227;
228, 29, 521;
-158, 9, -4;
20, 19, 224;
233, 27, 521;
-33, -9, -20;
20, 27, 224;
227, 31, 520;
-101, -2, -8;
23, 29, 232;
229, 29, 525;
-70, 8, -25;
16, 32, 220;
227, 28, 517;
-122, 20, -5;
21, 24, 231;
228, 30, 522;
-66, -15, -32;
19, 15, 227;
224, 30, 521;
-15, -1, -2;
17, 34, 222;
230, 32, 527;
-111, -1, -19;
21, 31, 230;
227, 32, 522;
-87, 7, -24;
20, 19, 226;
221, 34, 523;
-24, -14, -29;
21, 26, 224;
231, 33, 525;
-46, 0, -30;
21, 30, 231;
224, 34, 526;
-86, -1, -7;
19, 17, 222;
224, 38, 520;
-43, -22, -18;
21, 29, 226;
233, 37, 519;
25, 32, -60;
20, 22, 228;
230, 40, 527;
-46, 2, -27;
22, 31, 227;
230, 33, 525;
-176, 9, -30;
15, 42, 225;
225, 43, 524;
-89, 1, -7;
20, 11, 226;
228, 38, 516;
-80, -29, -30;
18, 36, 224;
224, 31, 521;
-83, 19, -12;
24, 28, 230;
223, 30, 521;
-112, -1, -33;
20, 33, 225;
225, 38, 518;
-143, 16, 9;
21, 28, 226;
228, 30, 527;
-159, -16, 44;
19, 12, 219;
220, 34, 524;
5, -5, -9;
26, 16, 226;
225, 34, 522;
-30, 0, -5;
19, 30, 227;
229, 39, 520;
-54, -24, -26;
20, 22, 220;
232, 43, 523;
-11, -6, -25;
22, 34, 228;
232, 42, 521;
-65, 4, -19;
20, 33, 224;
237, 37, 525;
-132, 17, -29;
21, 31, 223;
229, 39, 523;
-94, 7, -9;
18, 22, 221;
234, 42, 524;
-83, -22, -36;
21, 24, 224;
225, 38, 520;
-39, 12, -4;
19, 22, 223;
226, 37, 522;
-74, -14, -32;
21, 36, 227;
228, 35, 527;
-109, 10, -23;
22, 26, 224;
235, 37, 512;
-49, -12, -26;
21, 24, 221;
237, 38, 519;
-59, -18, -13;
20, 30, 225;
229, 39, 526;
-112, 0, 9;
20, 31, 225;
231, 39, 521;
-87, 6, -24;
22, 31, 223;
229, 37, 520;
-96, -1, -7;
20, 27, 223;
228, 38, 519;
-90, 4, -13;
25, 28, 227;
230, 32, 524;
-65, 2, -41;
17, 29, 218;
237, 28, 521;
-93, -2, -19;
25, 28, 230;
232, 37, 517;
-95, -6, -8;
22, 21, 227;
235, 35, 525;
-32, 7, -16;
24, 22, 226;
229, 42, 517;
-54, 2, -18;
20, 33, 223;
227, 38, 525;
-104, 11, -2;
21, 39, 228;
228, 40, 514;
-114, 5, -6;
20, 15, 224;
236, 37, 521;
-57, -3, -8;
22, 28, 226;
236, 40, 521;
-95, -20, -7;
24, 25, 227;
238, 42, 519;
-12, -13, -22;
19, 23, 225;
237, 41, 527;
-12, -33, -5;
24, 35, 228;
234, 47, 522;
-75, -35, -35;
26, 40, 225;
237, 36, 521;
-133, -5, -24;
24, 30, 227;
239, 41, 516;
-142, -27, -51;
19, 27, 217;
244, 48, 516;
-3, -82, -56;
27, 16, 220;
242, 40, 517;
-99, -45, -23;
27, 28, 231;
237, 39, 515;
-156, -37, -26;
25, 28, 223;
246, 31, 516;
-176, -61, -19;
30, 20, 227;
247, 35, 513;
-66, -43, -15;
27, 28, 227;
247, 33, 516;
-62, -27, -8;
32, 17, 225;
246, 34, 517;
-88, -61, -24;
37, 14, 224;
251, 33, 510;
-74, -42, 121;
33, 25, 224;
257, 22, 511;
-215, 14, 129;
33, 21, 229;
256, 20, 511;
-81, 1, 37;
28, 21, 222;
251, 20, 510;
-96, -14, 35;
42, 9, 231;
248, 13, 511;
-167, -8, 82;
34, 21, 226;
250, 15, 515;
-152, 34, 97;
26, 27, 224;
253, -1, 515;
-244, 94, 138;
21, 27, 216;
247, -10, 518;
-228, 15, 23;
30, 18, 229;
253, -19, 513;
-160, 9, 29;
31, 2, 224;
247, -14, 512;
-97, -27, 16;
30, 4, 224;
258, -18, 502;
-58, -13, -1;
30, 4, 225;
249, -20, 513;
-39, -42, -1;
33, 15, 226;
250, -15, 515;
-37, 3, 8;
35, 8, 226;
251, -19, 515;
-177, 15, 26;
37, 20, 230;
250, -20, 511;
-189, 40, 42;
31, 16, 220;
247, -28, 513;
-224, 79, 108;
31, -10, 231;
248, -26, 518;
-121, 26, 7;
24, 1, 223;
246, -32, 511;
-28, 9, 0;
26, -4, 222;
241, -26, 515;
-65, 12, 12;
29, 9, 225;
240, -33, 519;
18, 41, 29;
30, 11, 222;
247, -32, 506;
-22, -3, -16;
31, 16, 227;
242, -28, 521;
-128, 66, 52;
19, 6, 216;
238, -25, 517;
-11, -4, 4;
24, 5, 221;
232, -18, 518;
132, 127, -50;
33, -1, 235;
235, -24, 513;
-162, 44, 21;
24, 11, 225;
233, -23, 519;
-70, -1, -22;
20, 2, 224;
234, -22, 520;
24, -6, -29;
21, 10, 220;
237, -23, 512;
-9, 7, -11;
20, 18, 226;
234, -22, 515;
-9, 18, -35;
26, 2, 225;
235, -21, 521;
-84, -7, -14;
21, 10, 224;
237, -20, 519;
-7, 4, -30;
27, 12, 227;
232, -18, 520;
-40, 3, -33;
22, 18, 224;
235, -15, 515;
-114, -9, -26;
19, 17, 223;
238, -23, 524;
-135, -19, -16;
22, 13, 225;
241, -22, 520;
-53, 15, -16;
20, 10, 219;
239, -15, 517;
-69, 17, -2;
25, 11, 223;
238, -12, 515;
-99, -4, 6;
24, 8, 228;
231, -18, 517;
-108, 7, -8;
17, 12, 217;
240, -18, 520;
-40, -19, -29;
23, 8, 224;
232, -21, 519;
-88, -1, -22;
24, 12, 225;
232, -16, 517;
-53, 0, -19;
24, 10, 224;
236, -16, 526;
-99, 18, 9;
24, 15, 228;
236, -24, 518;
-51, 0, -16;
20, 13, 219;
231, -22, 520;
-51, -12, -41;
27, 9, 227;
240, -8, 518;
-39, -7, -45;
22, 16, 224;
238, -10, 519;
-87, -12, -19;
19, 15, 220;
238, -10, 520;
-54, 8, -10;
25, 10, 228;
240, -11, 522;
-58, 14, -19;
18, 20, 220;
233, -11, 516;
-79, -3, 2;
27, 6, 225;
239, -11, 514;
-101, 0, -14;
26, 16, 227;
238, -15, 520;
-81, 11, -7;
18, 14, 220;
240, -9, 522;
-86, -2, -19;
24, 15, 225;
231, -16, 518;
-98, -1, -16;
23, 9, 222;
241, -16, 515;
-49, -14, -20;
26, 12, 228;
241, -18, 520;
-84, 16, -24;
24, 11, 224;
231, -14, 522;
-83, -13, -15;
27, 11, 225;
245, -15, 519;
-58, 28, -13;
29, 11, 230;
233, -13, 516;
-90, 4, -22;
23, 12, 226;
237, -14, 518;
-88, -11, 11;
21, 15, 223;
237, -9, 521;
-112, -11, -16;
25, 11, 225;
227, -12, 517;
-3, 6, -27;
26, 7, 227;
242, -16, 515;
-104, -10, -12;
21, 23, 219;
237, -12, 517;
-52, -16, -25;
27, 7, 232;
240, -8, 517;
-62, 15, -23;
23, 16, 224;
238, -19, 519;
-99, -9, -6;
25, 15, 225;
235, -11, 519;
-83, 13, 1;
23, 12, 225;
235, -11, 517;
-89, -6, 12;
23, 16, 222;
232, -11, 519;
-54, 5, -26;
26, 15, 222;
231, -11, 523;
-71, -9, -13;
22, 16, 224;
235, -15, 515;
-83, 0, -12;
24, 20, 226;
236, -11, 517;
-84, -13, -32;
22, 14, 220;
241, -11, 518;
-26, 8, -14;
27, 7, 229;
233, -6, 516;
-106, -8, 11;
27, 12, 222;
245, -5, 512;
-45, -8, -8;
25, 12, 227;
241, -8, 516;
-64, 7, -23;
24, 15, 224;
234, -8, 521;
-52, -6, -23;
22, 13, 223;
230, -7, 519;
-63, 18, -11;
27, 14, 228;
240, -5, 518;
-81, -3, -11;
23, 19, 222;
236, -4, 524;
-81, 20, -14;
24, 17, 228;
236, -6, 515;
-62, -4, -15;
23, 14, 220;
240, -7, 522;
-79, -14, -14;
26, 21, 226;
237, -4, 520;
-79, -1, -18;
24, 16, 226;
243, -14, 521;
-71, -4, -31;
23, 16, 223;
242, -5, 516;
-53, -14, -28;
22, 18, 219;
239, -6, 519;
-173, -11, 38;
35, 5, 234;
233, -4, 522;
-34, 4, -33;
29, 7, 229;
242, 0, 514;
-126, 5, -12;
22, 21, 220;
231, -7, 519;
-39, 7, -25;
25, 16, 227;
234, -7, 521;
-118, 0, 7;
25, 22, 225;
230, -6, 514;
-67, 16, 8;
23, 14, 224;
238, -3, 515;
-20, -24, -38;
24, 16, 223;
234, -7, 518;
-78, 4, -2;
27, 14, 231;
236, -1, 524;
-68, 18, -15;
22, 20, 220;
238, -16, 525;
-72, -25, -15;
21, 16, 218;
238, -7, 516;
-4, -7, -48;
26, 20, 228;
236, -5, 523;
-83, 42, -3;
26, 11, 225;
238, 0, 524;
-34, -4, -33;
21, 21, 218;
238, 0, 517;
-97, -1, -9;
26, 15, 231;
233, -3, 520;
-48, 24, -35;
22, 18, 222;
242, -4, 520;
-83, 1, -25;
22, 16, 222;
234, 1, 518;
-57, 24, -14;
24, 19, 226;
238, -2, 519;
-63, 15, -35;
25, 14, 225;
244, -4, 519;
-62, 1, -32;
26, 18, 228;
239, -5, 520;
-110, 15, -3;
25, 12, 229;
239, -5, 522;
-90, -24, -34;
27, 12, 222;
235, -8, 520;
-95, 3, -5;
28, 12, 226;
238, -3, 521;
-49, -9, -21;
22, 17, 221;
242, 2, 518;
-39, -3, -26;
24, 13, 227;
240, -4, 520;
-94, -4, 1;
24, 23, 223;
239, 3, 524;
-85, 1, -5;
26, 12, 228;
234, 0, 515;
-58, -4, -10;
23, 20, 223;
239, -4, 515;
-67, 16, -10;
24, 23, 228;
240, 2, 518;
-113, 8, 6;
23, 15, 222;
233, 0, 515;
-52, -2, -21;
22, 20, 222;
236, -3, 521;
-105, 1, -8;
30, 11, 229;
240, -3, 521;
-59, 28, 1;
24, 13, 225;
239, -6, 515;
-97, -10, -4;
22, 21, 219;
246, -9, 515;
-62, 7, -9;
24, 15, 227;
238, 2, 517;
-72, 16, -19;
21, 21, 220;
239, 0, 519;
-80, 10, -9;
24, 16, 226;
237, -5, 516;
-63, -12, -28;
26, 20, 227;
232, -1, 517;
-79, 8, -9;
24, 13, 224;
239, -3, 522;
-73, -3, -19;
27, 21, 227;
230, -3, 518;
-69, 5, -20;
25, 15, 225;
240, -4, 515;
-63, -24, -13;
24, 20, 223;
237, 1, 521;
